    2.4119100000000    3.0000000000000D-02  331
   29.000000   28.999752   28.999475   28.999169   28.998832
   28.998464   28.998064   28.997631   28.997165   28.996665
   28.996131   28.995563   28.994961   28.994327   28.993660
   28.992964   28.992239   28.991488   28.990715   28.989923
   28.989118   28.988305   28.987490   28.986683   28.985898
   28.985025   28.984176   28.983308   28.982403   28.981449
   28.980436   28.979439   28.978361   28.977345   28.976235
   28.975083   28.973967   28.972766   28.971474   28.970258
   28.968849   28.967529   28.966118   28.964709   28.963194
   28.961701   28.960094   28.958426   28.956814   28.955096
   28.953286   28.951401   28.949494   28.947567   28.945564
   28.943484   28.941376   28.939172   28.936933   28.934549
   28.932143   28.929638   28.927117   28.924465   28.921683
   28.918877   28.915979   28.913053   28.909937   28.906797
   28.903534   28.900155   28.896661   28.893056   28.889436
   28.885598   28.881654   28.877600   28.873435   28.869167
   28.864700   28.860098   28.855393   28.850572   28.845545
   28.840387   28.835041   28.829549   28.823889   28.818066
   28.812094   28.805953   28.799498   28.792895   28.786200
   28.779196   28.771975   28.764545   28.756884   28.748946
   28.740866   28.732452   28.723756   28.714866   28.705721
   28.696253   28.686471   28.676375   28.665961   28.655318
   28.644323   28.632897   28.621137   28.609075   28.596611
   28.583828   28.570541   28.556935   28.542919   28.528389
   28.513450   28.498093   28.482217   28.465845   28.449031
   28.431634   28.413796   28.395357   28.376389   28.356802
   28.336601   28.315788   28.294363   28.272337   28.249616
   28.226148   28.202044   28.177227   28.151648   28.125307
   28.098154   28.070186   28.041412   28.011772   27.981272
   27.949855   27.917526   27.884293   27.850096   27.814806
   27.778536   27.741235   27.702882   27.663465   27.622859
   27.581110   27.538182   27.494120   27.448812   27.402177
   27.354317   27.305100   27.254537   27.202682   27.149359
   27.094596   27.038433   26.980784   26.921627   26.860877
   26.798601   26.734739   26.669271   26.602113   26.533240
   26.462752   26.390493   26.316416   26.240625   26.162957
   26.083466   26.002086   25.918801   25.833519   25.746320
   25.657131   25.565937   25.472647   25.377345   25.279858
   25.180255   25.078457   24.974552   24.868265   24.759848
   24.649057   24.535951   24.420449   24.302638   24.182339
   24.059629   23.934424   23.806715   23.676506   23.543698
   23.408382   23.270471   23.129957   22.986841   22.841124
   22.692806   22.541791   22.388168   22.231946   22.073122
   21.911699   21.747578   21.580949   21.411627   21.239798
   21.065277   20.888152   20.708330   20.525904   20.340880
   20.153258   19.962840   19.769816   19.574194   19.375874
   19.175050   18.971532   18.765509   18.556988   18.345966
   18.132641   17.917018   17.699096   17.479070   17.257045
   17.033022   16.807098   16.579374   16.349950   16.118928
   15.886308   15.652188   15.416571   15.179555   14.941141
   14.701430   14.460222   14.217813   13.973911   13.728807
   13.482308   13.234510   12.985315   12.735018   12.483525
   12.230933   11.977440   11.723149   11.468159   11.212570
   10.956681   10.700495   10.444110   10.187726    9.931285
    9.674816    9.418339    9.161874    8.905452    8.649131
    8.393021    8.137242    7.881984    7.627487    7.374030
    7.121933    6.871567    6.623261    6.377456    6.134521
    5.894867    5.658884    5.426932    5.199351    4.976463
    4.758546    4.545840    4.338547    4.136827    3.940788
    3.750512    3.566019    3.387297    3.214338    3.047062
    2.885398    2.729166    2.578296    2.432619    2.291963
    2.156209    2.025167    1.898706    1.776677    1.658940
    1.545383    1.435898    1.330384    1.228771    1.130989
    1.036998    0.946782    0.860307    0.777588    0.698644
    0.623504    0.552238    0.484939    0.421680    0.362614
    0.307913    0.257766    0.212433    0.172217    0.137431
    0.074632    0.000000    0.000000    0.000000    0.000000
    0.000000    0.000000    0.000000    0.000000    0.000000
    0.000000    0.000000    0.000000    0.000000    0.000000
    0.000000    0.000000    0.000000    0.000000    0.000000
    0.000000    0.000000    0.000000    0.000000    0.000000
    0.000000    0.000000    0.000000    0.000000    0.000000
    0.000000    0.000000    0.000000    0.000000    0.000000
    0.000000    0.000000    0.000000    0.000000    0.000000
    0.000000    0.000000    0.000000    0.000000    0.000000
    0.000000    0.000000    0.000000    0.000000    0.000000
    0.000000    0.000000    0.000000    0.000000    0.000000
    0.000000    0.000000    0.000000    0.000000    0.000000
    0.000000    0.000000    0.000000    0.000000    0.000000
    0.000000    0.000000    0.000000    0.000000    0.000000
