 # A line contains three real numbers; these are the
 # x, y and C * z-components of the k-vector
 # in the BZ.
 # The next line then contains the energy spectrum
 # for that k-vector. 
  0.5000  0.5000  0.5000
  0.0004  0.2099  0.6469  0.6469  0.8963  1.0277  1.0277  1.3804
  0.4828  0.4828  0.4828
 -0.0008  0.2119  0.6475  0.6475  0.8970  1.0291  1.0291  1.3821
  0.4655  0.4655  0.4655
 -0.0045  0.2173  0.6480  0.6480  0.8975  1.0298  1.0298  1.3834
  0.4483  0.4483  0.4483
 -0.0102  0.2257  0.6488  0.6488  0.8985  1.0310  1.0310  1.3854
  0.4310  0.4310  0.4310
 -0.0174  0.2369  0.6500  0.6500  0.8999  1.0326  1.0326  1.3883
  0.4138  0.4138  0.4138
 -0.0257  0.2503  0.6515  0.6515  0.9017  1.0346  1.0346  1.3919
  0.3966  0.3966  0.3966
 -0.0348  0.2656  0.6534  0.6534  0.9038  1.0369  1.0369  1.3963
  0.3793  0.3793  0.3793
 -0.0443  0.2825  0.6556  0.6556  0.9064  1.0396  1.0396  1.4015
  0.3621  0.3621  0.3621
 -0.0540  0.3006  0.6581  0.6581  0.9093  1.0424  1.0424  1.4018
  0.3448  0.3448  0.3448
 -0.0637  0.3199  0.6610  0.6610  0.9126  1.0453  1.0453  1.3800
  0.3276  0.3276  0.3276
 -0.0733  0.3402  0.6641  0.6641  0.9162  1.0482  1.0482  1.3598
  0.3103  0.3103  0.3103
 -0.0827  0.3613  0.6676  0.6676  0.9203  1.0508  1.0508  1.3411
  0.2931  0.2931  0.2931
 -0.0918  0.3832  0.6714  0.6714  0.9246  1.0530  1.0530  1.3241
  0.2759  0.2759  0.2759
 -0.1005  0.4058  0.6755  0.6755  0.9293  1.0545  1.0545  1.3090
  0.2586  0.2586  0.2586
 -0.1088  0.4290  0.6798  0.6798  0.9343  1.0551  1.0551  1.2962
  0.2414  0.2414  0.2414
 -0.1168  0.4527  0.6843  0.6843  0.9395  1.0546  1.0546  1.2857
  0.2241  0.2241  0.2241
 -0.1242  0.4768  0.6891  0.6891  0.9450  1.0528  1.0528  1.2779
  0.2069  0.2069  0.2069
 -0.1311  0.5014  0.6940  0.6940  0.9506  1.0497  1.0497  1.2726
  0.1897  0.1897  0.1897
 -0.1376  0.5262  0.6990  0.6990  0.9564  1.0452  1.0452  1.2488
  0.1724  0.1724  0.1724
 -0.1435  0.5512  0.7041  0.7041  0.9622  1.0395  1.0395  1.2223
  0.1552  0.1552  0.1552
 -0.1489  0.5762  0.7092  0.7092  0.9680  1.0330  1.0330  1.1961
  0.1379  0.1379  0.1379
 -0.1537  0.6011  0.7142  0.7142  0.9736  1.0260  1.0260  1.1703
  0.1207  0.1207  0.1207
 -0.1580  0.6256  0.7191  0.7191  0.9788  1.0187  1.0187  1.1453
  0.1034  0.1034  0.1034
 -0.1617  0.6494  0.7236  0.7236  0.9835  1.0117  1.0117  1.1213
  0.0862  0.0862  0.0862
 -0.1649  0.6721  0.7278  0.7278  0.9873  1.0051  1.0051  1.0990
  0.0690  0.0690  0.0690
 -0.1675  0.6930  0.7315  0.7315  0.9899  0.9992  0.9992  1.0792
  0.0517  0.0517  0.0517
 -0.1695  0.7113  0.7345  0.7345  0.9908  0.9944  0.9944  1.0630
  0.0345  0.0345  0.0345
 -0.1709  0.7258  0.7367  0.7367  0.9901  0.9908  0.9908  1.0515
  0.0172  0.0172  0.0172
 -0.1718  0.7353  0.7381  0.7381  0.9886  0.9886  0.9886  1.0449
